
A wave(440Hz): (101)
2046, 2174, 2301, 2428, 2553, 2676, 2797, 2915, 3029, 3140, 3246, 3347, 
3444, 3534, 3619, 3698, 3770, 3836, 3895, 3946, 3990, 4026, 4054, 4075, 4087, 4091, 
4088, 4076, 4057, 4029, 3994, 3951, 3901, 3843, 3778, 3707, 3629, 3544, 3454, 
3358, 3258, 3152, 3042, 2928, 2811, 2690, 2567, 2442, 2316, 2188, 2060, 1932, 
1804, 1677, 1552, 1429, 1308, 1189, 1075, 964, 857, 755, 658, 567, 481, 401, 
328, 262, 203, 151, 106, 69, 40, 18, 5, 0, 2, 13, 32, 58, 93, 135, 184, 241, 305, 
376, 453, 537, 626, 721, 822, 927, 1036, 1150, 1267, 1387, 1510, 1634, 1761, 1888, 2016

A!!!!(prescaler = 180, period = 1, c.. = 0, 16 MHZ, 100 length of wave)

{1024, 1088, 1152, 1215, 1278, 1340, 1400, 1460, 
	1517, 1572, 1625, 1676, 1724, 1770, 1813, 1852, 1888, 1921, 1950, 1976, 1997, 
	2015, 2029, 2039, 2045, 2047, 2045, 2039, 2029, 2015, 1997, 1976, 1950, 1921, 1888, 1852, 
	1812, 1770, 1724, 1676, 1625, 1572, 1517, 1459, 1400, 1340, 1278, 1215, 1152, 1088, 1023, 959,
	895, 832, 769, 707, 646, 587, 530, 475, 422, 371, 322, 277, 234, 195, 159, 126, 97, 71, 50, 32, 18, 8, 
	2, 0, 2, 8, 18, 32, 50, 71, 97, 126, 159, 195, 235, 277, 323, 371, 422, 475, 530, 588, 647, 707, 769, 832, 895, 959};


Sine wave for 1000:
1024, 1030, 1036, 1043, 1049, 1056, 1062, 1069, 1075, 1081, 1088, 1094, 1101, 1107, 1113, 1120, 1126, 1133, 1139, 1145, 1152, 1158, 1165, 1171, 1177, 1184, 1190, 1196, 1203, 1209, 1215, 1222, 1228, 1234, 1241, 1247, 1253, 1259, 1266, 1272, 1278, 1284, 1291, 1297, 1303, 1309, 1315, 1322, 1328, 1334, 1340, 1346, 1352, 1358, 1364, 1370, 1376, 1382, 1388, 1394, 1400, 1406, 1412, 1418, 1424, 1430, 1436, 1442, 1448, 1454, 1459, 1465, 1471, 1477, 1483, 1488, 1494, 1500, 1506, 1511, 1517, 1522, 1528, 1534, 1539, 1545, 1550, 1556, 1561, 1567, 1572, 1578, 1583, 1588, 1594, 1599, 1604, 1610, 1615, 1620, 1625, 1631, 1636, 1641, 1646, 1651, 1656, 1661, 1666, 1671, 1676, 1681, 1686, 1691, 1696, 1701, 1705, 1710, 1715, 1720, 1724, 1729, 1734, 1738, 1743, 1748, 1752, 1757, 1761, 1766, 1770, 1774, 1779, 1783, 1787, 1792, 1796, 1800, 1804, 1808, 1813, 1817, 1821, 1825, 1829, 1833, 1837, 1840, 1844, 1848, 1852, 1856, 1859, 1863, 1867, 1870, 1874, 1878, 1881, 1885, 1888, 1892, 1895, 1898, 1902, 1905, 1908, 1911, 1915, 1918, 1921, 1924, 1927, 1930, 1933, 1936, 1939, 1942, 1944, 1947, 1950, 1953, 1955, 1958, 1961, 1963, 1966, 1968, 1971, 1973, 1976, 1978, 1980, 1983, 1985, 1987, 1989, 1991, 1993, 1995, 1997, 1999, 2001, 2003, 2005, 2007, 2009, 2010, 2012, 2014, 2015, 2017, 2018, 2020, 2021, 2023, 2024, 2026, 2027, 2028, 2029, 2031, 2032, 2033, 2034, 2035, 2036, 2037, 2038, 2039, 2039, 2040, 2041, 2042, 2042, 2043, 2044, 2044, 2045, 2045, 2045, 2046, 2046, 2047, 2047, 2047, 2047, 2047, 2047, 2047, 2048, 2047, 2047, 2047, 2047, 2047, 2047, 2047, 2046, 2046, 2045, 2045, 2045, 2044, 2044, 2043, 2042, 2042, 2041, 2040, 2039, 2039, 2038, 2037, 2036, 2035, 2034, 2033, 2032, 2031, 2029, 2028, 2027, 2026, 2024, 2023, 2021, 2020, 2018, 2017, 2015, 2014, 2012, 2010, 2009, 2007, 2005, 2003, 2001, 1999, 1997, 1995, 1993, 1991, 1989, 1987, 1985, 1983, 1980, 1978, 1976, 1973, 1971, 1968, 1966, 1963, 1961, 1958, 1955, 1953, 1950, 1947, 1944, 1942, 1939, 1936, 1933, 1930, 1927, 1924, 1921, 1918, 1915, 1911, 1908, 1905, 1902, 1898, 1895, 1892, 1888, 1885, 1881, 1878, 1874, 1870, 1867, 1863, 1859, 1856, 1852, 1848, 1844, 1840, 1837, 1833, 1829, 1825, 1821, 1817, 1813, 1808, 1804, 1800, 1796, 1792, 1787, 1783, 1779, 1774, 1770, 1766, 1761, 1757, 1752, 1748, 1743, 1738, 1734, 1729, 1724, 1720, 1715, 1710, 1705, 1701, 1696, 1691, 1686, 1681, 1676, 1671, 1666, 1661, 1656, 1651, 1646, 1641, 1636, 1631, 1625, 1620, 1615, 1610, 1604, 1599, 1594, 1588, 1583, 1578, 1572, 1567, 1561, 1556, 1550, 1545, 1539, 1534, 1528, 1522, 1517, 1511, 1506, 1500, 1494, 1488, 1483, 1477, 1471, 1465, 1459, 1454, 1448, 1442, 1436, 1430, 1424, 1418, 1412, 1406, 1400, 1394, 1388, 1382, 1376, 1370, 1364, 1358, 1352, 1346, 1340, 1334, 1328, 1322, 1315, 1309, 1303, 1297, 1291, 1284, 1278, 1272, 1266, 1259, 1253, 1247, 1241, 1234, 1228, 1222, 1215, 1209, 1203, 1196, 1190, 1184, 1177, 1171, 1165, 1158, 1152, 1145, 1139, 1133, 1126, 1120, 1113, 1107, 1101, 1094, 1088, 1081, 1075, 1069, 1062, 1056, 1049, 1043, 1036, 1030, 1024, 1017, 1011, 1004, 998, 991, 985, 978, 972, 966, 959, 953, 946, 940, 934, 927, 921, 914, 908, 902, 895, 889, 882, 876, 870, 863, 857, 851, 844, 838, 832, 825, 819, 813, 806, 800, 794, 788, 781, 775, 769, 763, 756, 750, 744, 738, 732, 725, 719, 713, 707, 701, 695, 689, 683, 677, 671, 665, 659, 653, 647, 641, 635, 629, 623, 617, 611, 605, 599, 593, 588, 582, 576, 570, 564, 559, 553, 547, 541, 536, 530, 525, 519, 513, 508, 502, 497, 491, 486, 480, 475, 469, 464, 459, 453, 448, 443, 437, 432, 427, 422, 416, 411, 406, 401, 396, 391, 386, 381, 376, 371, 366, 361, 356, 351, 346, 342, 337, 332, 327, 323, 318, 313, 309, 304, 299, 295, 290, 286, 281, 277, 273, 268, 264, 260, 255, 251, 247, 243, 239, 234, 230, 226, 222, 218, 214, 210, 207, 203, 199, 195, 191, 188, 184, 180, 177, 173, 169, 166, 162, 159, 155, 152, 149, 145, 142, 139, 136, 132, 129, 126, 123, 120, 117, 114, 111, 108, 105, 103, 100, 97, 94, 92, 89, 86, 84, 81, 79, 76, 74, 71, 69, 67, 64, 62, 60, 58, 56, 54, 52, 50, 48, 46, 44, 42, 40, 38, 37, 35, 33, 32, 30, 29, 27, 26, 24, 23, 21, 20, 19, 18, 16, 15, 14, 13, 12, 11, 10, 9, 8, 8, 7, 6, 5, 5, 4, 3, 3, 2, 2, 2, 1, 1, 0, 0, 0, 0, 0, 0, 0, 0, 0, 0, 0, 0, 0, 0, 0, 1, 1, 2, 2, 2, 3, 3, 4, 5, 5, 6, 7, 8, 8, 9, 10, 11, 12, 13, 14, 15, 16, 18, 19, 20, 21, 23, 24, 26, 27, 29, 30, 32, 33, 35, 37, 38, 40, 42, 44, 46, 48, 50, 52, 54, 56, 58, 60, 62, 64, 67, 69, 71, 74, 76, 79, 81, 84, 86, 89, 92, 94, 97, 100, 103, 105, 108, 111, 114, 117, 120, 123, 126, 129, 132, 136, 139, 142, 145, 149, 152, 155, 159, 162, 166, 169, 173, 177, 180, 184, 188, 191, 195, 199, 203, 207, 210, 214, 218, 222, 226, 230, 234, 239, 243, 247, 251, 255, 260, 264, 268, 273, 277, 281, 286, 290, 295, 299, 304, 309, 313, 318, 323, 327, 332, 337, 342, 346, 351, 356, 361, 366, 371, 376, 381, 386, 391, 396, 401, 406, 411, 416, 422, 427, 432, 437, 443, 448, 453, 459, 464, 469, 475, 480, 486, 491, 497, 502, 508, 513, 519, 525, 530, 536, 541, 547, 553, 559, 564, 570, 576, 582, 588, 593, 599, 605, 611, 617, 623, 629, 635, 641, 647, 653, 659, 665, 671, 677, 683, 689, 695, 701, 707, 713, 719, 725, 732, 738, 744, 750, 756, 763, 769, 775, 781, 788, 794, 800, 806, 813, 819, 825, 832, 838, 844, 851, 857, 863, 870, 876, 882, 889, 895, 902, 908, 914, 921, 927, 934, 940, 946, 953, 959, 966, 972, 978, 985, 991, 998, 1004, 1011, 1017
